x ,	 y,	 Radius,	 Threshold 
140 , 398 , 67 , 0.98
308 , 567 , 71 , 0.97
308 , 567 , 69 , 0.97
406 , 549 , 73 , 0.95
406 , 549 , 71 , 0.95
140 , 398 , 69 , 0.93
175 , 490 , 69 , 0.89
272 , 475 , 69 , 0.88
272 , 473 , 69 , 0.84
175 , 488 , 69 , 0.84
274 , 473 , 69 , 0.83
273 , 473 , 69 , 0.81
274 , 475 , 69 , 0.81
177 , 490 , 69 , 0.8
177 , 488 , 69 , 0.79
176 , 490 , 69 , 0.75
176 , 488 , 69 , 0.74
177 , 489 , 69 , 0.72
142 , 398 , 69 , 0.71
139 , 398 , 69 , 0.7
310 , 567 , 71 , 0.7
272 , 474 , 69 , 0.68
142 , 397 , 69 , 0.67
273 , 475 , 69 , 0.67
307 , 567 , 71 , 0.67
307 , 567 , 69 , 0.67
274 , 474 , 69 , 0.66
310 , 566 , 71 , 0.66
140 , 396 , 69 , 0.65
405 , 549 , 71 , 0.65
309 , 565 , 71 , 0.65
139 , 398 , 67 , 0.64
141 , 396 , 69 , 0.64
408 , 549 , 73 , 0.64
141 , 398 , 69 , 0.63
140 , 399 , 69 , 0.63
141 , 398 , 67 , 0.63
175 , 489 , 69 , 0.63
405 , 549 , 73 , 0.63
404 , 550 , 71 , 0.63
139 , 400 , 67 , 0.62
407 , 549 , 73 , 0.62
306 , 568 , 69 , 0.62
307 , 569 , 69 , 0.62
138 , 399 , 67 , 0.61
407 , 549 , 71 , 0.61
309 , 567 , 71 , 0.61
308 , 565 , 71 , 0.61
140 , 400 , 69 , 0.6
138 , 398 , 67 , 0.6
174 , 489 , 69 , 0.6
176 , 491 , 69 , 0.6
406 , 550 , 71 , 0.6
306 , 566 , 69 , 0.6
308 , 566 , 71 , 0.6
140 , 397 , 69 , 0.59
271 , 475 , 69 , 0.59
273 , 476 , 69 , 0.59
408 , 548 , 73 , 0.59
308 , 568 , 71 , 0.59
406 , 547 , 73 , 0.59
140 , 399 , 67 , 0.58
271 , 474 , 69 , 0.58
174 , 490 , 69 , 0.58
175 , 491 , 69 , 0.58
406 , 550 , 73 , 0.58
306 , 567 , 69 , 0.58
405 , 551 , 71 , 0.58
138 , 397 , 67 , 0.57
275 , 474 , 69 , 0.57
407 , 548 , 73 , 0.57
407 , 547 , 73 , 0.57
308 , 568 , 69 , 0.57
138 , 398 , 69 , 0.56
141 , 397 , 69 , 0.56
178 , 489 , 69 , 0.56
175 , 490 , 67 , 0.56
404 , 551 , 71 , 0.56
140 , 397 , 67 , 0.55
178 , 487 , 71 , 0.55
404 , 548 , 71 , 0.55
310 , 568 , 71 , 0.55
306 , 569 , 69 , 0.55
142 , 399 , 69 , 0.54
139 , 399 , 67 , 0.54
275 , 472 , 71 , 0.54
176 , 489 , 69 , 0.54
404 , 549 , 71 , 0.54
306 , 567 , 71 , 0.54
309 , 566 , 71 , 0.54
309 , 569 , 69 , 0.54
406 , 551 , 71 , 0.54
141 , 400 , 69 , 0.53
274 , 475 , 71 , 0.53
275 , 473 , 69 , 0.53
274 , 474 , 71 , 0.53
272 , 476 , 69 , 0.53
178 , 488 , 69 , 0.53
177 , 489 , 71 , 0.53
272 , 475 , 67 , 0.53
408 , 550 , 73 , 0.53
309 , 567 , 69 , 0.53
309 , 569 , 71 , 0.53
307 , 568 , 69 , 0.53
307 , 565 , 71 , 0.53
138 , 400 , 67 , 0.52
140 , 400 , 67 , 0.52
273 , 472 , 69 , 0.52
273 , 474 , 69 , 0.52
179 , 490 , 71 , 0.52
176 , 488 , 71 , 0.52
405 , 547 , 71 , 0.52
306 , 566 , 71 , 0.52
407 , 551 , 71 , 0.52
139 , 396 , 67 , 0.51
139 , 400 , 69 , 0.51
176 , 487 , 69 , 0.51
274 , 473 , 71 , 0.51
404 , 549 , 73 , 0.51
406 , 551 , 73 , 0.51
308 , 569 , 71 , 0.51
308 , 566 , 69 , 0.51
275 , 475 , 69 , 0.5
173 , 489 , 67 , 0.5
177 , 488 , 71 , 0.5
407 , 551 , 73 , 0.5
408 , 547 , 73 , 0.5
308 , 569 , 69 , 0.5
138 , 397 , 69 , 0.49
272 , 473 , 67 , 0.49
270 , 474 , 67 , 0.49
177 , 487 , 69 , 0.49
406 , 548 , 71 , 0.49
408 , 550 , 71 , 0.49
406 , 548 , 73 , 0.49
273 , 473 , 71 , 0.49
141 , 396 , 67 , 0.48
138 , 399 , 69 , 0.48
275 , 476 , 71 , 0.48
276 , 472 , 71 , 0.48
177 , 490 , 71 , 0.48
179 , 488 , 71 , 0.48
176 , 486 , 71 , 0.48
174 , 492 , 67 , 0.48
140 , 396 , 67 , 0.47
137 , 399 , 67 , 0.47
142 , 399 , 67 , 0.47
142 , 396 , 69 , 0.47
139 , 401 , 67 , 0.47
139 , 396 , 69 , 0.47
276 , 475 , 71 , 0.47
270 , 473 , 67 , 0.47
274 , 476 , 69 , 0.47
276 , 473 , 71 , 0.47
178 , 491 , 71 , 0.47
272 , 477 , 67 , 0.47
271 , 477 , 67 , 0.47
408 , 548 , 71 , 0.47
306 , 565 , 69 , 0.47
305 , 566 , 69 , 0.47
307 , 569 , 71 , 0.47
276 , 476 , 71 , 0.46
177 , 486 , 71 , 0.46
177 , 491 , 69 , 0.46
270 , 476 , 67 , 0.46
273 , 477 , 67 , 0.46
404 , 548 , 73 , 0.46
405 , 550 , 71 , 0.46
307 , 568 , 71 , 0.46
305 , 567 , 69 , 0.46
309 , 571 , 67 , 0.46
143 , 397 , 69 , 0.45
144 , 399 , 71 , 0.45
138 , 396 , 67 , 0.45
141 , 397 , 67 , 0.45
141 , 399 , 69 , 0.45
137 , 398 , 67 , 0.45
141 , 400 , 67 , 0.45
274 , 472 , 69 , 0.45
272 , 474 , 67 , 0.45
178 , 490 , 71 , 0.45
175 , 487 , 69 , 0.45
179 , 487 , 71 , 0.45
173 , 488 , 67 , 0.45
175 , 492 , 67 , 0.45
176 , 493 , 67 , 0.45
273 , 471 , 71 , 0.45
173 , 491 , 67 , 0.45
274 , 471 , 71 , 0.45
407 , 547 , 71 , 0.45
404 , 547 , 71 , 0.45
407 , 548 , 71 , 0.45
308 , 565 , 69 , 0.45
309 , 568 , 71 , 0.45
307 , 566 , 71 , 0.45
310 , 567 , 69 , 0.45
304 , 566 , 67 , 0.45
405 , 547 , 73 , 0.45
405 , 552 , 71 , 0.45
142 , 398 , 67 , 0.44
136 , 397 , 65 , 0.44
141 , 394 , 71 , 0.44
272 , 472 , 69 , 0.44
176 , 485 , 71 , 0.44
178 , 490 , 69 , 0.44
173 , 490 , 67 , 0.44
176 , 492 , 67 , 0.44
407 , 550 , 73 , 0.44
405 , 551 , 73 , 0.44
307 , 571 , 67 , 0.44
306 , 571 , 67 , 0.44
137 , 399 , 69 , 0.43
142 , 398 , 71 , 0.43
141 , 395 , 69 , 0.43
276 , 474 , 71 , 0.43
270 , 472 , 67 , 0.43
179 , 489 , 71 , 0.43
175 , 488 , 67 , 0.43
175 , 489 , 67 , 0.43
140 , 396 , 71 , 0.43
175 , 488 , 71 , 0.43
177 , 490 , 67 , 0.43
275 , 471 , 71 , 0.43
175 , 486 , 71 , 0.43
273 , 470 , 71 , 0.43
273 , 475 , 67 , 0.43
404 , 550 , 73 , 0.43
409 , 550 , 73 , 0.43
402 , 548 , 69 , 0.43
408 , 551 , 71 , 0.43
307 , 565 , 69 , 0.43
304 , 569 , 67 , 0.43
405 , 553 , 69 , 0.43
407 , 553 , 69 , 0.43
142 , 399 , 71 , 0.42
142 , 396 , 67 , 0.42
137 , 397 , 67 , 0.42
139 , 397 , 67 , 0.42
139 , 397 , 69 , 0.42
138 , 400 , 69 , 0.42
141 , 399 , 67 , 0.42
139 , 402 , 65 , 0.42
178 , 487 , 69 , 0.42
174 , 488 , 69 , 0.42
173 , 487 , 67 , 0.42
179 , 491 , 71 , 0.42
174 , 490 , 67 , 0.42
274 , 475 , 67 , 0.42
409 , 548 , 73 , 0.42
403 , 549 , 71 , 0.42
408 , 549 , 71 , 0.42
403 , 550 , 71 , 0.42
311 , 567 , 71 , 0.42
306 , 568 , 71 , 0.42
310 , 566 , 69 , 0.42
312 , 565 , 73 , 0.42
310 , 563 , 73 , 0.42
312 , 566 , 73 , 0.42
304 , 565 , 67 , 0.42
306 , 569 , 71 , 0.42
305 , 568 , 69 , 0.42
310 , 565 , 71 , 0.42
307 , 570 , 69 , 0.42
304 , 568 , 67 , 0.42
305 , 570 , 67 , 0.42
136 , 395 , 65 , 0.41
142 , 397 , 67 , 0.41
143 , 401 , 71 , 0.41
140 , 401 , 67 , 0.41
139 , 394 , 71 , 0.41
139 , 396 , 71 , 0.41
277 , 474 , 71 , 0.41
271 , 473 , 69 , 0.41
275 , 475 , 71 , 0.41
271 , 473 , 67 , 0.41
268 , 472 , 65 , 0.41
269 , 474 , 67 , 0.41
270 , 475 , 67 , 0.41
271 , 475 , 67 , 0.41
177 , 484 , 73 , 0.41
177 , 487 , 71 , 0.41
174 , 488 , 67 , 0.41
174 , 489 , 67 , 0.41
176 , 490 , 67 , 0.41
174 , 491 , 67 , 0.41
272 , 471 , 71 , 0.41
173 , 494 , 65 , 0.41
271 , 476 , 67 , 0.41
273 , 478 , 67 , 0.41
271 , 479 , 65 , 0.41
409 , 549 , 73 , 0.41
405 , 548 , 73 , 0.41
408 , 551 , 73 , 0.41
402 , 550 , 69 , 0.41
311 , 566 , 71 , 0.41
309 , 565 , 69 , 0.41
312 , 568 , 73 , 0.41
309 , 563 , 73 , 0.41
310 , 564 , 73 , 0.41
310 , 568 , 69 , 0.41
310 , 567 , 73 , 0.41
407 , 546 , 73 , 0.41
304 , 567 , 67 , 0.41
406 , 552 , 71 , 0.41
403 , 552 , 69 , 0.41
307 , 563 , 73 , 0.41
143 , 400 , 71 , 0.4
139 , 399 , 69 , 0.4
143 , 397 , 67 , 0.4
144 , 398 , 71 , 0.4
136 , 396 , 65 , 0.4
136 , 399 , 65 , 0.4
138 , 401 , 67 , 0.4
143 , 395 , 71 , 0.4
136 , 401 , 65 , 0.4
142 , 395 , 71 , 0.4
137 , 402 , 65 , 0.4
142 , 394 , 71 , 0.4
272 , 475 , 71 , 0.4
278 , 476 , 73 , 0.4
270 , 474 , 69 , 0.4
271 , 472 , 67 , 0.4
270 , 475 , 69 , 0.4
175 , 490 , 71 , 0.4
181 , 491 , 73 , 0.4
173 , 489 , 69 , 0.4
172 , 489 , 67 , 0.4
274 , 469 , 73 , 0.4
270 , 479 , 65 , 0.4
274 , 472 , 71 , 0.4
272 , 478 , 67 , 0.4
408 , 547 , 71 , 0.4
403 , 550 , 73 , 0.4
311 , 568 , 71 , 0.4
308 , 563 , 73 , 0.4
309 , 564 , 71 , 0.4
406 , 546 , 73 , 0.4
308 , 571 , 67 , 0.4
308 , 570 , 69 , 0.4
